OBJECT: [-0.14776008  0.04939764  0.02877116 -0.03055044 -0.10429486 -0.00708002
 -0.04440483 -0.01875751  0.11880942 -0.1091842   0.16181302 -0.06554699
 -0.21865617  0.00471834 -0.02185     0.08369345 -0.15417528 -0.11049442
 -0.10286441 -0.09895566 -0.02276119  0.04842735 -0.05164502  0.09978855
 -0.1767025  -0.26763985 -0.06572023 -0.08474103  0.05064466 -0.1214237
 -0.00767916  0.09374686 -0.0945657   0.02059081  0.04614446  0.12300224
 -0.09690233 -0.04016803  0.30206668  0.04840918 -0.12815797 -0.06161609
  0.10559465  0.31673101  0.1980828  -0.01781476  0.02171257 -0.04416531
  0.17771779 -0.31881824  0.08701064  0.21407259  0.11812672  0.18275696
  0.11513267 -0.18533343  0.01507773  0.19936165 -0.1891292   0.11472837
 -0.01530301 -0.11750269 -0.04757557 -0.04186114  0.18940279  0.118288
 -0.09578865 -0.19694836  0.16887334 -0.23025432 -0.07099308  0.19243665
 -0.05601082 -0.19642448 -0.24820669  0.06311809  0.28658953  0.21139833
 -0.11683721  0.04417989 -0.01190325 -0.17595725  0.0281037   0.09308934
 -0.09449324 -0.03656973 -0.02979973  0.0412189   0.21409597  0.03040814
  0.02259321  0.18921602  0.08256483 -0.03718301  0.04434976  0.0055225
 -0.11535402 -0.06756787 -0.1049552  -0.03301158  0.01240812 -0.11815383
  0.00203747  0.03371093 -0.22566907  0.2257016  -0.0281723  -0.09732307
 -0.09153999 -0.08196488 -0.08914302  0.06918998  0.22417802 -0.3273412
  0.15324873  0.13229626  0.07775117  0.18327388  0.04620362  0.04133809
  0.0107372  -0.048102   -0.08993483 -0.06044925  0.03108577 -0.04276247
  0.00400822  0.01112285]
